center_x = 9.2485
center_y = -1.2175000000000002
center_z = 21.947499999999998
size_x = 30.0
size_y = 30.0
size_z = 30.0